  0.0000  0.0000  0.1109  0.3419  0.2389  0.0339  0.3348  0.3754  0.1268  0.0000  0.5800  0.1389  0.2292  0.0548  0.0000  0.0063  0.2376  0.4821  0.1436  0.0000  0.0000  0.0000  0.0000  0.2075  0.2985
  0.0000  0.0000  0.0169  0.3051  0.1660  0.0093  0.2434  0.4908  0.0746  0.0000  0.4741  0.0919  0.2380  0.0339  0.0000  0.0810  0.3264  0.4627  0.0146  0.0000  0.0000  0.0000  0.0756  0.3057  0.2856
  0.0000  0.0000  0.0824  0.2976  0.1665  0.0042  0.2620  0.4222  0.0003  0.0000  0.4329  0.0541  0.2494  0.0000  0.0000  0.0850  0.2921  0.3982  0.0003  0.0000  0.0000  0.0000  0.0901  0.2763  0.2458
  0.0000  0.0000  0.0340  0.3160  0.2415  0.0018  0.2609  0.4488  0.0170  0.0000  0.3437  0.0767  0.2288  0.0000  0.0000  0.2788  0.3139  0.3721  0.0000  0.0000  0.0000  0.0000  0.1527  0.3139  0.2934
  0.0000  0.0000  0.0224  0.2935  0.2883  0.0000  0.2179  0.4786  0.0455  0.0000  0.3803  0.1227  0.2411  0.0000  0.0000  0.1442  0.3138  0.4026  0.0000  0.0000  0.0000  0.0000  0.1318  0.2826  0.2656
  0.0000  0.0000  0.0316  0.2972  0.2120  0.0000  0.1977  0.4490  0.0197  0.0000  0.3539  0.1254  0.2322  0.0000  0.0000  0.2095  0.3028  0.2980  0.0000  0.0000  0.0000  0.0024  0.2178  0.2729  0.2533
  0.0000  0.0000  0.0000  0.1943  0.2609  0.0000  0.1336  0.4344  0.1258  0.0000  0.3729  0.1646  0.2583  0.0000  0.0000  0.1411  0.2870  0.3841  0.0000  0.0000  0.0000  0.0000  0.1420  0.2654  0.2443
  0.0000  0.0000  0.0119  0.3032  0.1757  0.0000  0.1559  0.4744  0.0421  0.0000  0.3214  0.1869  0.2464  0.0000  0.0000  0.2527  0.2710  0.2612  0.0000  0.0000  0.0000  0.0560  0.3114  0.2836  0.2646
  0.0000  0.0000  0.0159  0.2619  0.1748  0.0000  0.1994  0.4208  0.0240  0.0000  0.3336  0.0864  0.2268  0.0000  0.0000  0.2047  0.2515  0.2344  0.0000  0.0000  0.0000  0.0255  0.2354  0.2413  0.2281
  0.0000  0.0000  0.0000  0.2285  0.2499  0.0000  0.0708  0.3851  0.1696  0.0000  0.2082  0.2628  0.2055  0.0520  0.0000  0.3232  0.2569  0.2557  0.0082  0.0000  0.0000  0.0500  0.3413  0.2875  0.2688
  0.0871  0.2840  0.4503  0.4492  0.3960  0.4720  0.1865  0.3787  0.0000  0.2760  0.2778  0.0114  0.5766  0.0000  0.2827  0.4185  0.4353  0.3413  0.0000  0.2857  0.1111  0.0598  0.2191  0.4005  0.2744
  0.1479  0.3477  0.4651  0.3896  0.4308  0.4022  0.0596  0.4110  0.0000  0.2512  0.2763  0.0145  0.5281  0.0000  0.2717  0.3201  0.4031  0.3246  0.0000  0.2792  0.0000  0.0000  0.2886  0.3822  0.1599
  0.2893  0.4118  0.4349  0.4470  0.4763  0.3039  0.0571  0.4097  0.0000  0.2712  0.2748  0.0337  0.5556  0.0000  0.2702  0.4208  0.4321  0.3112  0.0362  0.2531  0.0843  0.0754  0.2738  0.4762  0.0677
  0.3562  0.3750  0.4365  0.3795  0.5035  0.2557  0.0000  0.5190  0.0000  0.2382  0.2744  0.1919  0.3691  0.0000  0.2470  0.2789  0.3187  0.2463  0.0000  0.2477  0.0000  0.0000  0.1512  0.3508  0.2389
  0.1451  0.3164  0.3390  0.3400  0.3462  0.2691  0.0341  0.3550  0.0000  0.2128  0.2292  0.0701  0.4169  0.0000  0.2134  0.3452  0.3550  0.2278  0.0000  0.2217  0.0000  0.0000  0.2473  0.3098  0.2400
  0.0899  0.0000  0.1699  0.0000  0.1792  0.2156  0.0000  0.3904  0.0000  0.2096  0.2179  0.0929  0.4212  0.0000  0.2201  0.4866  0.4300  0.2126  0.0000  0.2448  0.0457  0.0406  0.2962  0.4342  0.2444
  0.1591  0.3143  0.4611  0.3718  0.4503  0.3614  0.0776  0.3994  0.0000  0.2322  0.2459  0.0154  0.4885  0.0000  0.2374  0.4063  0.3810  0.2999  0.0000  0.2579  0.0316  0.0675  0.2536  0.3590  0.2275
  0.3448  0.3669  0.3819  0.3720  0.4505  0.2468  0.0423  0.3493  0.0000  0.2279  0.2284  0.2111  0.2701  0.0000  0.2395  0.2392  0.2626  0.2260  0.0000  0.2493  0.2652  0.1692  0.3017  0.3817  0.1092
  0.3671  0.4072  0.4098  0.4081  0.5299  0.2548  0.0000  0.2770  0.0000  0.2459  0.2500  0.0720  0.4133  0.0000  0.2506  0.2987  0.2368  0.2947  0.0000  0.2735  0.2231  0.3409  0.2678  0.3888  0.2799
  0.0338  0.2556  0.4191  0.3888  0.3748  0.4424  0.1556  0.2466  0.0000  0.2243  0.2299  0.0000  0.3392  0.0000  0.2312  0.2303  0.0011  0.4716  0.0000  0.2449  0.3753  0.3809  0.2432  0.3467  0.2129
  0.0014  0.3139  0.3265  0.3238  0.2458  0.3134  0.1038  0.0000  0.0000  0.3114  0.3519  0.0000  0.0000  0.0000  0.3024  0.3383  0.0000  0.0000  0.0000  0.3012  0.1543  0.0000  0.0000  0.0000  0.2873
  0.2003  0.3641  0.3505  0.3641  0.2032  0.3178  0.0000  0.0000  0.0000  0.2923  0.2782  0.0000  0.0000  0.0000  0.2663  0.3144  0.0000  0.0000  0.0000  0.2791  0.0286  0.0000  0.0000  0.0000  0.2910
  0.0711  0.4035  0.3684  0.3689  0.3357  0.4002  0.0124  0.0000  0.0000  0.2974  0.3217  0.0000  0.0000  0.0000  0.2965  0.3359  0.0000  0.0000  0.0000  0.2974  0.2060  0.0000  0.0000  0.0000  0.3262
  0.0887  0.3794  0.3571  0.3624  0.3114  0.3128  0.0004  0.0000  0.0000  0.2379  0.2573  0.0000  0.0000  0.0000  0.2308  0.2761  0.0000  0.0000  0.0000  0.2651  0.0828  0.0000  0.0000  0.0397  0.2549
  0.0455  0.3895  0.3593  0.3652  0.2585  0.3328  0.0150  0.0000  0.0000  0.2811  0.2964  0.0000  0.0000  0.0000  0.2703  0.3142  0.0000  0.0000  0.0000  0.2795  0.0698  0.0000  0.0000  0.0000  0.3202
  0.1422  0.3283  0.3161  0.3139  0.3180  0.3133  0.0000  0.0000  0.0000  0.2503  0.2642  0.0000  0.0000  0.0000  0.2492  0.2707  0.0000  0.0000  0.0000  0.2733  0.1680  0.0000  0.0000  0.0710  0.2245
  0.1009  0.3107  0.2787  0.2881  0.2601  0.3060  0.0000  0.0000  0.0000  0.2430  0.2602  0.0000  0.0000  0.0000  0.2468  0.2771  0.0000  0.0000  0.0000  0.2592  0.1071  0.0000  0.0000  0.1223  0.1976
  0.1500  0.3214  0.3000  0.3112  0.2403  0.3029  0.0000  0.0000  0.0000  0.2496  0.2593  0.0000  0.0000  0.0000  0.2393  0.2745  0.0000  0.0000  0.0000  0.2437  0.0754  0.0000  0.0000  0.0000  0.2792
  0.1293  0.3592  0.3424  0.3446  0.3233  0.2991  0.0000  0.0000  0.0000  0.2462  0.2521  0.0000  0.0000  0.0000  0.2419  0.2466  0.0000  0.0000  0.0000  0.2735  0.2737  0.0000  0.0000  0.0016  0.2456
  0.1063  0.3659  0.3361  0.3373  0.3322  0.3526  0.0004  0.0000  0.0000  0.2647  0.2723  0.0000  0.0000  0.0000  0.2704  0.2534  0.0000  0.0000  0.0000  0.3070  0.0000  0.0000  0.0000  0.1702  0.1362
  0.4101  0.4401  0.4456  0.4434  0.5480  0.2896  0.0000  0.0000  0.0000  0.2722  0.3159  0.0000  0.0000  0.0016  0.3143  0.3412  0.0032  0.0000  0.3089  0.1058  0.1053  0.4315  0.4151  0.2284  0.0000
  0.2075  0.3750  0.3924  0.3897  0.4346  0.3459  0.0259  0.0000  0.0000  0.2686  0.3255  0.0000  0.0000  0.0000  0.2805  0.2123  0.1129  0.0000  0.0603  0.2525  0.0018  0.3754  0.3715  0.4064  0.0136
  0.1603  0.1246  0.1676  0.2946  0.4838  0.4246  0.2373  0.1940  0.0698  0.2863  0.2840  0.0000  0.0000  0.0647  0.2316  0.3345  0.0262  0.0000  0.2873  0.0169  0.0278  0.3400  0.3160  0.2799  0.0000
  0.0000  0.0248  0.2765  0.4152  0.5015  0.4531  0.3848  0.1592  0.0000  0.2581  0.2684  0.0000  0.0000  0.1057  0.1972  0.3004  0.0000  0.0000  0.3179  0.0008  0.1558  0.3910  0.3898  0.1914  0.0000
  0.1332  0.1965  0.3602  0.4359  0.5384  0.4021  0.2555  0.0960  0.0000  0.2472  0.2385  0.0000  0.0000  0.0063  0.2508  0.2628  0.0000  0.0000  0.2580  0.0603  0.2033  0.4165  0.4095  0.2801  0.0000
  0.2945  0.3488  0.3513  0.3534  0.4805  0.2531  0.0227  0.0100  0.0000  0.2233  0.2451  0.0000  0.0000  0.0000  0.2296  0.2643  0.0103  0.0000  0.0000  0.2644  0.0425  0.3679  0.3277  0.3528  0.1170
  0.2547  0.2195  0.2524  0.3569  0.4950  0.3507  0.1667  0.1385  0.0234  0.2678  0.2672  0.0000  0.0000  0.0079  0.2717  0.2857  0.0000  0.0000  0.2563  0.0726  0.1139  0.3748  0.3593  0.2360  0.0000
  0.0778  0.2714  0.3617  0.3613  0.4534  0.3173  0.1108  0.0000  0.0000  0.2394  0.2398  0.0000  0.0000  0.0000  0.2483  0.2912  0.0010  0.0000  0.0643  0.2090  0.0698  0.3600  0.3270  0.3545  0.0038
  0.0135  0.2284  0.3822  0.3811  0.3937  0.4612  0.1755  0.0011  0.0000  0.2472  0.2724  0.0000  0.0000  0.0000  0.2592  0.2259  0.0776  0.0000  0.1792  0.1365  0.0023  0.3718  0.3681  0.3016  0.0000
  0.0057  0.2220  0.3683  0.3704  0.4244  0.4048  0.1714  0.0065  0.0000  0.2439  0.2367  0.0000  0.0000  0.0248  0.2214  0.2543  0.0000  0.0000  0.2446  0.0293  0.1200  0.3631  0.3528  0.2485  0.0000
  0.3071  0.3232  0.4292  0.3257  0.4870  0.0000  0.0000  0.2953  0.0000  0.2778  0.0000  0.0000  0.2937  0.0000  0.2778  0.0000  0.0000  0.1627  0.0000  0.2778  0.0000  0.0000  0.0000  0.0000  0.2614
  0.0477  0.2927  0.3921  0.3899  0.5128  0.4171  0.1211  0.2004  0.0000  0.2419  0.2689  0.0000  0.2608  0.0000  0.2419  0.2675  0.0000  0.2069  0.0000  0.2440  0.2469  0.0000  0.0000  0.0000  0.1125
  0.2089  0.3038  0.4396  0.3566  0.3891  0.3244  0.0664  0.2449  0.0000  0.2399  0.2419  0.0000  0.2431  0.0000  0.2413  0.2419  0.0000  0.0945  0.0000  0.2392  0.1865  0.0000  0.0000  0.0000  0.2252
  0.2739  0.3728  0.4355  0.3708  0.5371  0.1007  0.0258  0.3022  0.0000  0.3061  0.0000  0.1322  0.2002  0.0000  0.3076  0.0000  0.1370  0.0423  0.0000  0.3105  0.0000  0.0000  0.0000  0.0000  0.1797
  0.3920  0.3428  0.4106  0.3446  0.4787  0.2504  0.0000  0.2463  0.0000  0.2441  0.2530  0.0000  0.2499  0.0000  0.2419  0.2500  0.0058  0.1767  0.0000  0.2419  0.1056  0.0000  0.0000  0.0000  0.2258
  0.3656  0.3879  0.4667  0.3888  0.5166  0.2838  0.0000  0.2768  0.0000  0.2727  0.2815  0.0000  0.2773  0.0000  0.2727  0.2769  0.0000  0.2777  0.0000  0.2727  0.1820  0.0000  0.1885  0.0000  0.2497
  0.3555  0.2975  0.4323  0.2963  0.4054  0.2444  0.0000  0.2427  0.0000  0.2331  0.2419  0.0000  0.2424  0.0000  0.2317  0.2432  0.0000  0.0461  0.0000  0.2311  0.0403  0.0000  0.0000  0.0000  0.2165
  0.3678  0.3217  0.4344  0.3211  0.4508  0.2273  0.0000  0.2273  0.0000  0.2185  0.2307  0.0000  0.2245  0.0000  0.2167  0.2311  0.0000  0.0233  0.0000  0.2161  0.1129  0.0000  0.0000  0.0000  0.2022
  0.2959  0.3037  0.3925  0.3051  0.4516  0.2590  0.0000  0.2552  0.0000  0.2419  0.2606  0.0000  0.2546  0.0000  0.2419  0.2282  0.0000  0.0445  0.0000  0.2419  0.0000  0.0000  0.0000  0.0000  0.2255
  0.3539  0.3686  0.4354  0.3695  0.5122  0.0108  0.0000  0.2778  0.0000  0.2727  0.0000  0.0000  0.2778  0.0000  0.2727  0.0000  0.0000  0.1389  0.0000  0.2727  0.0000  0.0000  0.0000  0.0000  0.2549
  0.3379  0.4074  0.4189  0.5524  0.5313  0.3534  0.1786  0.3898  0.0234  0.0000  0.2738  0.0000  0.2697  0.0000  0.0000  0.2726  0.0000  0.2654  0.0000  0.0000  0.1460  0.0000  0.2347  0.0000  0.0000
  0.1423  0.3554  0.4717  0.4219  0.3898  0.4339  0.0867  0.2586  0.0000  0.0000  0.2665  0.0000  0.2586  0.0000  0.0000  0.2632  0.0000  0.2586  0.0000  0.0000  0.1540  0.0000  0.2397  0.0000  0.0000
  0.5831  0.5769  0.6903  0.5837  0.5471  0.2718  0.0000  0.2677  0.0000  0.0000  0.2712  0.0000  0.2671  0.0000  0.0000  0.2731  0.0000  0.2671  0.0000  0.0000  0.2430  0.0000  0.0752  0.0000  0.0000
  0.0000  0.1319  0.4071  0.4329  0.4105  0.5179  0.3213  0.2750  0.0000  0.0000  0.2571  0.0000  0.2519  0.0000  0.0000  0.2542  0.0000  0.2523  0.0000  0.0000  0.2034  0.0000  0.2312  0.0000  0.0000
  0.3272  0.3749  0.4500  0.4003  0.3762  0.3026  0.0425  0.2459  0.0000  0.0000  0.2534  0.0000  0.2484  0.0000  0.0000  0.2526  0.0000  0.2505  0.0000  0.0000  0.0595  0.0000  0.2311  0.0000  0.0000
  0.1255  0.2303  0.3907  0.4606  0.4387  0.4637  0.2760  0.2724  0.0000  0.0000  0.2344  0.0308  0.2154  0.0000  0.0000  0.2344  0.0308  0.2154  0.0000  0.0000  0.1647  0.0266  0.1988  0.0000  0.0000
  0.4685  0.4545  0.4966  0.4565  0.4373  0.2469  0.0000  0.2486  0.0000  0.0000  0.2459  0.0000  0.2476  0.0000  0.0000  0.2459  0.0000  0.2443  0.0000  0.0000  0.2260  0.0000  0.1234  0.0000  0.0000
  0.0000  0.0690  0.3739  0.4620  0.4361  0.5078  0.3991  0.2905  0.0000  0.0000  0.2344  0.0000  0.2308  0.0000  0.0000  0.2362  0.0000  0.2308  0.0000  0.0000  0.2154  0.0000  0.1480  0.0000  0.0000
  0.4891  0.4657  0.5086  0.4564  0.4333  0.2353  0.0416  0.2054  0.0000  0.0000  0.2358  0.0308  0.2154  0.0000  0.0000  0.2353  0.0357  0.2109  0.0000  0.0000  0.2137  0.0977  0.1041  0.0000  0.0000
  0.4631  0.4426  0.5480  0.4426  0.4216  0.2542  0.0000  0.2519  0.0000  0.0000  0.2542  0.0000  0.2543  0.0000  0.0000  0.2542  0.0000  0.2552  0.0000  0.0000  0.2334  0.0000  0.2305  0.0000  0.0000
